ap30: 0.8444866188125587
ap_50: 0.5835161414119517
ap_70: 0.1893959752810748
comm: 0
